[(0,1)(0,1)(0,1)(0,1)(0,1)(0,1)(0,1)(0,1)] 1853926695
[(0,1)(0,1)(0,1)(0,1)(0,1)(0,1)(0,1)(1,0)] 1927920142
[(0,1)(0,1)(0,1)(0,1)(0,1)(1,0)(0,1)(0,1)] 1752041933
[(0,1)(0,1)(0,1)(0,1)(0,1)(1,0)(0,1)(1,0)] 1762317588
[(0,1)(0,1)(0,1)(1,0)(0,1)(0,1)(0,1)(0,1)] 1899446360
[(0,1)(0,1)(0,1)(1,0)(0,1)(0,1)(0,1)(1,0)] 1888738203
[(0,1)(0,1)(0,1)(1,0)(0,1)(1,0)(0,1)(0,1)] 1691375003
[(0,1)(0,1)(0,1)(1,0)(0,1)(1,0)(0,1)(1,0)] 1595431569
[(0,1)(0,1)(0,1)(0,1)(0,1)(0,1)(1,0)(0,1)] 1935972492
[(0,1)(0,1)(0,1)(0,1)(0,1)(0,1)(1,0)(1,0)] 2017280171
[(0,1)(0,1)(0,1)(0,1)(0,1)(1,0)(1,0)(0,1)] 1870551901
[(0,1)(0,1)(0,1)(0,1)(0,1)(1,0)(1,0)(1,0)] 1935440488
[(0,1)(0,1)(0,1)(1,0)(0,1)(0,1)(1,0)(0,1)] 1979776430
[(0,1)(0,1)(0,1)(1,0)(0,1)(0,1)(1,0)(1,0)] 1911117541
[(0,1)(0,1)(0,1)(1,0)(0,1)(1,0)(1,0)(0,1)] 1871231936
[(0,1)(0,1)(0,1)(1,0)(0,1)(1,0)(1,0)(1,0)] 1903859988
[(0,1)(0,1)(0,1)(0,1)(1,0)(0,1)(0,1)(0,1)] 1890946593
[(0,1)(0,1)(0,1)(0,1)(1,0)(0,1)(0,1)(1,0)] 1986004874
[(0,1)(0,1)(0,1)(0,1)(1,0)(1,0)(0,1)(0,1)] 1868580679
[(0,1)(0,1)(0,1)(0,1)(1,0)(1,0)(0,1)(1,0)] 1816449680
[(0,1)(0,1)(0,1)(1,0)(1,0)(0,1)(0,1)(0,1)] 2050956245
[(0,1)(0,1)(0,1)(1,0)(1,0)(0,1)(0,1)(1,0)] 1993524898
[(0,1)(0,1)(0,1)(1,0)(1,0)(1,0)(0,1)(0,1)] 1940595880
[(0,1)(0,1)(0,1)(1,0)(1,0)(1,0)(0,1)(1,0)] 1870247502
[(0,1)(0,1)(0,1)(0,1)(1,0)(0,1)(1,0)(0,1)] 2022707502
[(0,1)(0,1)(0,1)(0,1)(1,0)(0,1)(1,0)(1,0)] 1930341176
[(0,1)(0,1)(0,1)(0,1)(1,0)(1,0)(1,0)(0,1)] 1714582127
[(0,1)(0,1)(0,1)(0,1)(1,0)(1,0)(1,0)(1,0)] 1846366592
[(0,1)(0,1)(0,1)(1,0)(1,0)(0,1)(1,0)(0,1)] 1900202810
[(0,1)(0,1)(0,1)(1,0)(1,0)(0,1)(1,0)(1,0)] 1951304944
[(0,1)(0,1)(0,1)(1,0)(1,0)(1,0)(1,0)(0,1)] 1758642144
[(0,1)(0,1)(0,1)(1,0)(1,0)(1,0)(1,0)(1,0)] 1778814295
[(0,1)(0,1)(1,0)(0,1)(0,1)(0,1)(0,1)(0,1)] 1819950713
[(0,1)(0,1)(1,0)(0,1)(0,1)(0,1)(0,1)(1,0)] 1795222650
[(0,1)(0,1)(1,0)(0,1)(0,1)(1,0)(0,1)(0,1)] 1744826425
[(0,1)(0,1)(1,0)(0,1)(0,1)(1,0)(0,1)(1,0)] 1713457939
[(0,1)(0,1)(1,0)(1,0)(0,1)(0,1)(0,1)(0,1)] 1771591404
[(0,1)(0,1)(1,0)(1,0)(0,1)(0,1)(0,1)(1,0)] 1786569510
[(0,1)(0,1)(1,0)(1,0)(0,1)(1,0)(0,1)(0,1)] 1573565763
[(0,1)(0,1)(1,0)(1,0)(0,1)(1,0)(0,1)(1,0)] 1650263412
[(0,1)(0,1)(1,0)(0,1)(0,1)(0,1)(1,0)(0,1)] 1780326452
[(0,1)(0,1)(1,0)(0,1)(0,1)(0,1)(1,0)(1,0)] 1772074664
[(0,1)(0,1)(1,0)(0,1)(0,1)(1,0)(1,0)(0,1)] 1612043081
[(0,1)(0,1)(1,0)(0,1)(0,1)(1,0)(1,0)(1,0)] 1754240739
[(0,1)(0,1)(1,0)(1,0)(0,1)(0,1)(1,0)(0,1)] 1941605697
[(0,1)(0,1)(1,0)(1,0)(0,1)(0,1)(1,0)(1,0)] 1948763828
[(0,1)(0,1)(1,0)(1,0)(0,1)(1,0)(1,0)(0,1)] 1849566888
[(0,1)(0,1)(1,0)(1,0)(0,1)(1,0)(1,0)(1,0)] 1736166790
[(0,1)(0,1)(1,0)(0,1)(1,0)(0,1)(0,1)(0,1)] 1735937862
[(0,1)(0,1)(1,0)(0,1)(1,0)(0,1)(0,1)(1,0)] 1623982747
[(0,1)(0,1)(1,0)(0,1)(1,0)(1,0)(0,1)(0,1)] 1636331761
[(0,1)(0,1)(1,0)(0,1)(1,0)(1,0)(0,1)(1,0)] 1763542046
[(0,1)(0,1)(1,0)(1,0)(1,0)(0,1)(0,1)(0,1)] 1888322070
[(0,1)(0,1)(1,0)(1,0)(1,0)(0,1)(0,1)(1,0)] 1921930389
[(0,1)(0,1)(1,0)(1,0)(1,0)(1,0)(0,1)(0,1)] 1848175103
[(0,1)(0,1)(1,0)(1,0)(1,0)(1,0)(0,1)(1,0)] 1742942799
[(0,1)(0,1)(1,0)(0,1)(1,0)(0,1)(1,0)(0,1)] 1903173121
[(0,1)(0,1)(1,0)(0,1)(1,0)(0,1)(1,0)(1,0)] 2104476724
[(0,1)(0,1)(1,0)(0,1)(1,0)(1,0)(1,0)(0,1)] 1835186638
[(0,1)(0,1)(1,0)(0,1)(1,0)(1,0)(1,0)(1,0)] 1934142379
[(0,1)(0,1)(1,0)(1,0)(1,0)(0,1)(1,0)(0,1)] 2005324407
[(0,1)(0,1)(1,0)(1,0)(1,0)(0,1)(1,0)(1,0)] 2039097684
[(0,1)(0,1)(1,0)(1,0)(1,0)(1,0)(1,0)(0,1)] 1805707548
[(0,1)(0,1)(1,0)(1,0)(1,0)(1,0)(1,0)(1,0)] 1789767884

Model: [(1,0)(1,0)(1,0)(0,1)(0,1)(1,0)(0,1)(0,1)]