[([0,1,2] , 0.00281232),
([0,2,1] , 0.00549648),
([1,0,2] , 0.00154544),
([1,2,0] , 0.0315317),
([2,0,1] , 0.0210335),
([2,1,0] , 0.0445825),
([0,2,1] , 0.00576835),
([0,1,2] , 0.00138085),
([2,0,1] , 0.0198382),
([2,1,0] , 0.0490126),
([1,0,2] , 0.00163316),
([1,2,0] , 0.0324996),
([1,0,2] , 0.00306903),
([1,2,0] , 0.0314972),
([0,1,2] , 0.00141448),
([0,2,1] , 0.00550501),
([2,1,0] , 0.0469528),
([2,0,1] , 0.020043),
([2,0,1] , 0.0197019),
([2,1,0] , 0.0670904),
([0,2,1] , 0.00798047),
([0,1,2] , 0.00128155),
([1,2,0] , 0.0413491),
([1,0,2] , 0.00172538),
([1,2,0] , 0.0362435),
([1,0,2] , 0.00157878),
([2,1,0] , 0.0482698),
([2,0,1] , 0.0204448),
([0,1,2] , 0.00137932),
([0,2,1] , 0.00549407),
([2,1,0] , 0.0475662),
([2,0,1] , 0.0210238),
([1,2,0] , 0.0338084),
([1,0,2] , 0.00163104),
([0,2,1] , 0.00553104),
([0,1,2] , 0.00136709),
]